1 149714,149832,150454 3.976669236
2 149986,150324,149690 4.026276753
3 150325,149382,150293 4.063527266
4 149843,150070,150087 4.125484740
5 150263,150771,148966 4.135492099
6 150044,149956,150000 4.135573202
7 149703,149901,150396 4.140449923
8 149944,149976,150080 4.150439562
9 149560,150239,150201 4.144739139
10 149902,150499,149599 4.134381190
11 149706,150109,150185 4.168910665
12 149650,149956,150394 4.105146188
13 149731,150241,150028 4.184526871
14 150036,150073,149891 4.203188257
15 149987,149881,150132 4.207928161
16 150581,149527,149892 4.188506419
17 150002,149954,150044 4.163481210
18 149939,149893,150168 4.204911781
19 150447,149852,149701 4.165421638
20 150100,150122,149778 4.213702207
21 149927,150397,149676 4.124775383
22 150125,150044,149831 4.226520584
23 150079,150508,149413 4.154249456
24 150060,149897,150043 4.201405020
25 149794,150254,149952 4.218967550
26 149856,150241,149903 4.162839054
27 149905,149584,150511 4.185435805
28 150059,149808,150133 4.209177733
29 149813,150259,149928 4.185022558
30 149508,150291,150201 4.173503065
31 149472,150553,149975 4.233181153
32 149883,149720,150397 4.220053507
33 150616,149667,149717 4.183406649
34 149700,149977,150323 4.186869336
35 150367,149892,149741 4.137223643
36 150093,149437,150470 4.188273725
37 149972,150645,149383 4.197492432
38 150596,149608,149796 4.175142109
39 149663,150473,149864 4.189993639
40 149764,150113,150123 4.154033324
41 150105,149900,149995 4.187494010
42 150590,149981,149429 4.182684191
43 150010,149641,150349 4.201233032
44 149556,150406,150038 4.192813490
45 150089,150035,149876 4.170578919
46 149624,150384,149992 4.196955006
47 150100,149832,150068 4.153371740
48 149900,150104,149996 4.193433859
49 150418,149757,149825 4.195318918
50 150203,150215,149582 4.184304396
51 150786,150269,148945 4.197184024
52 150160,149949,149891 4.212872632
53 149839,149977,150184 4.131391430
54 149969,149947,150084 4.230456369
55 149419,150095,150486 4.233540922
56 150072,150496,149432 4.190031969
57 149632,150326,150042 4.194015512
58 149896,150441,149663 4.212460223
59 150242,149909,149849 4.195216841
60 149963,149652,150385 4.218756032
61 150073,149842,150085 4.208583242
62 150317,150250,149433 4.158880306
63 150066,150291,149643 4.139860961
64 149897,150293,149810 4.199943970
65 149839,150200,149961 4.207297474
66 149912,150038,150050 4.159885923
67 149567,150527,149906 4.153718121
68 150704,149545,149751 4.205933507
69 149925,150488,149587 4.160324671
70 149703,150014,150283 4.182204812
71 150025,149802,150173 4.197246352
72 150011,149375,150614 4.132795382
73 150007,149720,150273 4.209522124
74 150310,150037,149653 4.168583931
75 150063,150200,149737 4.139234007
76 150315,149421,150264 4.195845804
77 150102,150004,149894 4.146937198
78 149387,150423,150190 4.131097225
79 149648,150078,150274 4.184818012
80 149720,150434,149846 4.224941742
81 150009,149622,150369 4.122940699
82 150082,149712,150206 4.208156436
83 150139,150016,149845 4.181431874
84 150004,150174,149822 4.190203544
85 150314,149710,149976 4.390987473
86 150154,149888,149958 4.243594477
87 150511,150154,149335 4.207272149
88 149962,150013,150025 4.206209864
89 150598,149845,149557 4.232098113
90 149772,150304,149924 4.213422444
91 150076,150253,149671 4.241132787
92 150450,149706,149844 4.203537996
93 149966,150403,149631 4.214323473
94 150315,149729,149956 4.204716178
95 150024,149748,150228 4.148771292
96 150408,149131,150461 4.201310562
97 149371,149718,150911 4.255410734
98 149827,149654,150519 4.158840777
99 150409,149996,149595 4.200760063
100 149683,150084,150233 4.206603891
