1 0.158735705
2 0.141917155
3 0.161338030
4 0.150342566
5 0.141804143
6 0.143990276
7 0.147699350
8 0.151168941
9 0.142731589
10 0.137634814
11 0.158267368
12 0.146481360
13 0.146994473
14 0.137124199
15 0.151376788
16 0.141465748
17 0.151574287
18 0.138357727
19 0.164032005
20 0.147329172
21 0.139551678
22 0.141195808
23 0.162013126
24 0.143289952
25 0.142431369
26 0.138333845
27 0.147285511
28 0.147298890
29 0.146202860
30 0.151249779
31 0.153188093
32 0.149029512
33 0.134673288
34 0.143108275
35 0.145586472
36 0.158529137
37 0.148382840
38 0.142901660
39 0.139566100
40 0.161658565
41 0.146351566
42 0.147744768
43 0.139585433
44 0.151274840
45 0.151210360
46 0.138933800
47 0.143280124
48 0.141584784
49 0.149195288
50 0.150093468
51 0.150036665
52 0.139683052
53 0.155187784
54 0.150487418
55 0.143168382
56 0.142283261
57 0.159560992
58 0.153637807
59 0.141891359
60 0.134622893
61 0.152711060
62 0.141532266
63 0.140145712
64 0.141148033
65 0.146040788
66 0.140917431
67 0.142157032
68 0.141893592
69 0.153730067
70 0.150656598
71 0.142668646
72 0.143112073
73 0.151421114
74 0.146399171
75 0.137398654
76 0.136850951
77 0.152743990
78 0.143253138
79 0.140884066
80 0.136337300
81 0.152085207
82 0.145364565
83 0.149114597
84 0.156364651
85 0.143375310
86 0.145675162
87 0.139554998
88 0.141665356
89 0.150578021
90 0.141110774
91 0.138566059
92 0.157458987
93 0.148183238
94 0.141773039
95 0.144411448
96 0.156460826
97 0.149270088
98 0.142732392
99 0.141782655
100 0.162343437
