1 0.059511057
2 0.054774379
3 0.059441388
4 0.057162807
5 0.064473332
6 0.055423445
7 0.056587986
8 0.053289394
9 0.056242133
10 0.053565145
11 0.054956029
12 0.069582118
13 0.052551910
14 0.064560326
15 0.056584363
16 0.058737867
17 0.066036461
18 0.052705193
19 0.062194952
20 0.055273973
21 0.064891522
22 0.051786238
23 0.062624565
24 0.051403165
25 0.053942575
26 0.064142671
27 0.055991085
28 0.054014580
29 0.058154178
30 0.057717961
31 0.057127359
32 0.053575349
33 0.063349019
34 0.056263720
35 0.063934563
36 0.056164155
37 0.056909794
38 0.057768760
39 0.058045251
40 0.052912235
41 0.055007811
42 0.053789559
43 0.057548426
44 0.064154271
45 0.059230982
46 0.054558765
47 0.054364496
48 0.064828547
49 0.056991787
50 0.056265047
51 0.053823194
52 0.053374070
53 0.057033899
54 0.072156443
55 0.057227889
56 0.054172689
57 0.059077604
58 0.054946435
59 0.056632570
60 0.060491519
61 0.056133831
62 0.054392007
63 0.055516322
64 0.056949931
65 0.056672845
66 0.059890922
67 0.057444812
68 0.053857411
69 0.056114685
70 0.053235147
71 0.057386040
72 0.056605069
73 0.050860508
74 0.053853491
75 0.059021488
76 0.057458956
77 0.056996704
78 0.067142617
79 0.056007146
80 0.055416287
81 0.056544802
82 0.056832511
83 0.050272821
84 0.065779275
85 0.086390018
86 0.057225974
87 0.057215111
88 0.055125759
89 0.054517626
90 0.055882663
91 0.056666283
92 0.054604851
93 0.055890121
94 0.057182130
95 0.057317243
96 0.057976353
97 0.056264545
98 0.054823338
99 0.056983122
100 0.057874381
