1 0.119492890
2 0.123300057
3 0.127675421
4 0.131146828
5 0.123467587
6 0.126748999
7 0.127442615
8 0.124134266
9 0.132594728
10 0.128939993
11 0.128666231
12 0.139574031
13 0.129826401
14 0.128817980
15 0.130712691
16 0.131936429
17 0.132482380
18 0.129765216
19 0.140621514
20 0.141584415
21 0.134100627
22 0.150748654
23 0.133766140
24 0.135946621
25 0.133311401
26 0.132756429
27 0.136802989
28 0.134888209
29 0.148483362
30 0.136206939
31 0.145251912
32 0.135939529
33 0.148314087
34 0.133783369
35 0.134050954
36 0.138394681
37 0.154088523
38 0.134663790
39 0.145076844
40 0.141832259
41 0.144627870
42 0.145327884
43 0.135721863
44 0.153494709
45 0.136698382
46 0.133132672
47 0.134954628
48 0.158594411
49 0.148164029
50 0.134889940
51 0.140860133
52 0.146017611
53 0.139119646
54 0.134778774
55 0.138821254
56 0.152593475
57 0.138810143
58 0.138963733
59 0.147082721
60 0.134468938
61 0.137542871
62 0.146281589
63 0.139070197
64 0.138650673
65 0.138668737
66 0.152563912
67 0.141171764
68 0.140868343
69 0.134970787
70 0.146240224
71 0.151036725
72 0.134252333
73 0.138865927
74 0.147757212
75 0.144828180
76 0.137217580
77 0.134747595
78 0.153244515
79 0.145077621
80 0.136215230
81 0.137661070
82 0.151618095
83 0.138887580
84 0.137352943
85 0.146075614
86 0.157701786
87 0.141588279
88 0.139326180
89 0.143025852
90 0.157070621
91 0.139771950
92 0.145141210
93 0.138126027
94 0.155446594
95 0.138684721
96 0.147630601
97 0.136842414
98 0.147224856
99 0.160939948
100 0.143716180
