1 0.149915598
2 0.136282854
3 0.158537029
4 0.145674540
5 0.141065063
6 0.144456795
7 0.148251773
8 0.154814234
9 0.139226854
10 0.140557348
11 0.150924336
12 0.146835776
13 0.136990103
14 0.140761563
15 0.146918572
16 0.143209806
17 0.138686698
18 0.136444279
19 0.132404226
20 0.147662380
21 0.138511753
22 0.136389302
23 0.136413773
24 0.152688477
25 0.142316225
26 0.135517116
27 0.137359132
28 0.144321888
29 0.136256969
30 0.134158767
31 0.136760101
32 0.152137718
33 0.147850836
34 0.135502834
35 0.146230489
36 0.131318839
37 0.136656870
38 0.146068217
39 0.137356167
40 0.143702318
41 0.149960361
42 0.146204011
43 0.136421503
44 0.137984745
45 0.149368251
46 0.137605654
47 0.134410867
48 0.137559051
49 0.134298744
50 0.145861364
51 0.144812170
52 0.136648594
53 0.149174094
54 0.136388203
55 0.135524385
56 0.139808764
57 0.137395063
58 0.155214319
59 0.137510789
60 0.144130488
61 0.140710326
62 0.139208117
63 0.149485024
64 0.136158107
65 0.140132514
66 0.144157865
67 0.152799444
68 0.139667481
69 0.144323858
70 0.135185530
71 0.148267039
72 0.138113333
73 0.137305653
74 0.146078975
75 0.146311462
76 0.162748983
77 0.135929899
78 0.145253041
79 0.154267345
80 0.139779712
81 0.138916906
82 0.138446063
83 0.146924595
84 0.136448314
85 0.135955980
86 0.135593118
87 0.151077479
88 0.137562297
89 0.134552084
90 0.138041051
91 0.139752027
92 0.145996354
93 0.138255810
94 0.135609707
95 0.152728577
96 0.142568114
97 0.137493745
98 0.139604031
99 0.170212509
100 0.140463770
