1 0.128262620
2 0.119915237
3 0.131649313
4 0.119134709
5 0.117364747
6 0.115474491
7 0.129202925
8 0.120550241
9 0.114239263
10 0.115558666
11 0.119197516
12 0.127168086
13 0.115793427
14 0.116009984
15 0.113959784
16 0.124241878
17 0.124499385
18 0.115059637
19 0.133701222
20 0.122285112
21 0.114988652
22 0.120651691
23 0.140955433
24 0.119994704
25 0.117598196
26 0.117542913
27 0.133757987
28 0.125954434
29 0.124429362
30 0.123295237
31 0.127558861
32 0.116487407
33 0.117281460
34 0.132861041
35 0.121634487
36 0.114983041
37 0.113592140
38 0.123428054
39 0.120265182
40 0.118253045
41 0.115072879
42 0.124079491
43 0.115655547
44 0.116565325
45 0.114953692
46 0.120736087
47 0.114993177
48 0.114288361
49 0.125807965
50 0.114078658
51 0.115413954
52 0.117953860
53 0.132532360
54 0.118262470
55 0.116917249
56 0.119439710
57 0.128334330
58 0.118997940
59 0.118069522
60 0.125398839
61 0.127711120
62 0.124905713
63 0.118160648
64 0.117133872
65 0.134386534
66 0.119420605
67 0.114039323
68 0.119247530
69 0.124335574
70 0.116391454
71 0.115589414
72 0.125014013
73 0.125073207
74 0.115339748
75 0.119753715
76 0.123604701
77 0.118235265
78 0.126923539
79 0.118809518
80 0.129095466
81 0.119505604
82 0.125750151
83 0.119341819
84 0.135240685
85 0.116328075
86 0.119250563
87 0.117957578
88 0.128837067
89 0.128800731
90 0.118871261
91 0.121266672
92 0.124164598
93 0.120604465
94 0.128892346
95 0.119324096
96 0.126445382
97 0.117563305
98 0.121082000
99 0.126915395
100 0.134320943
