1 0.112601326
2 0.114659460
3 0.118420760
4 0.116656699
5 0.119699727
6 0.121545681
7 0.120505166
8 0.121737899
9 0.132990932
10 0.122032118
11 0.120735812
12 0.122193467
13 0.127893985
14 0.122154360
15 0.125118468
16 0.127434112
17 0.123141725
18 0.121613574
19 0.129200684
20 0.123538216
21 0.133651531
22 0.147143594
23 0.126288457
24 0.136596836
25 0.141494812
26 0.122997131
27 0.133393694
28 0.124856707
29 0.138455594
30 0.124333854
31 0.133051919
32 0.142150338
33 0.132402376
34 0.122768022
35 0.127930641
36 0.131341874
37 0.133995742
38 0.134487919
39 0.140358128
40 0.125742578
41 0.133911522
42 0.129739060
43 0.140022188
44 0.126271676
45 0.125152417
46 0.127786363
47 0.142329488
48 0.129550427
49 0.127562376
50 0.132899360
51 0.142929737
52 0.126329209
53 0.126341044
54 0.139884592
55 0.134199119
56 0.126613409
57 0.135555428
58 0.140888367
59 0.128539368
60 0.126352204
61 0.127938349
62 0.140190192
63 0.127238664
64 0.126849242
65 0.126846832
66 0.143911974
67 0.129881676
68 0.126354909
69 0.132350356
70 0.134522743
71 0.125999941
72 0.127302763
73 0.125856473
74 0.140192088
75 0.128445774
76 0.127673752
77 0.128098371
78 0.134530636
79 0.133193794
80 0.137258123
81 0.126611841
82 0.142707228
83 0.129398672
84 0.128218933
85 0.128067952
86 0.138110579
87 0.127780311
88 0.135357202
89 0.135790571
90 0.128626443
91 0.122772890
92 0.127276101
93 0.143368460
94 0.124255258
95 0.130343913
96 0.126238735
97 0.138866699
98 0.128070903
99 0.125786976
100 0.137907447
