1 0.148207789
2 0.140521695
3 0.151935306
4 0.138973303
5 0.138578873
6 0.140132736
7 0.157320452
8 0.146228445
9 0.140424536
10 0.137645756
11 0.145061233
12 0.135082482
13 0.138162102
14 0.138318278
15 0.155044943
16 0.149906326
17 0.139142790
18 0.138463281
19 0.156201519
20 0.141536972
21 0.140533206
22 0.137934873
23 0.147350962
24 0.152917605
25 0.138757696
26 0.135763199
27 0.153843971
28 0.147248552
29 0.139016744
30 0.136291264
31 0.146864926
32 0.141760098
33 0.137694242
34 0.153922406
35 0.138979709
36 0.141856467
37 0.138345194
38 0.162195152
39 0.156082644
40 0.139597791
41 0.143113224
42 0.153027688
43 0.141185487
44 0.135874551
45 0.140114581
46 0.151256683
47 0.140976322
48 0.135925051
49 0.157908529
50 0.151190168
51 0.143243596
52 0.142577205
53 0.163377667
54 0.162824081
55 0.143964090
56 0.138213607
57 0.152232364
58 0.143051446
59 0.146136127
60 0.141026199
61 0.151848457
62 0.141606775
63 0.150921535
64 0.142117579
65 0.152712441
66 0.152598502
67 0.139107036
68 0.139481848
69 0.153662465
70 0.146212972
71 0.138794388
72 0.139966139
73 0.151195961
74 0.142315581
75 0.139805753
76 0.146715856
77 0.150395724
78 0.147867731
79 0.145381351
80 0.142044622
81 0.152497699
82 0.147895101
83 0.139727238
84 0.140202311
85 0.154180248
86 0.144187890
87 0.140007890
88 0.138169552
89 0.150705909
90 0.163422510
91 0.141816626
92 0.138648211
93 0.157315880
94 0.142651212
95 0.142490127
96 0.143051301
97 0.157393818
98 0.150058257
99 0.141752872
100 0.139461873
