1 2.400555051
2 2.340189665
3 2.313073099
4 2.296520515
5 2.303157173
6 2.317107483
7 2.291574566
8 2.309733623
9 2.334401201
10 2.294370092
11 2.305641419
12 2.322258486
13 2.315273997
14 2.295249533
15 2.306074961
16 2.355289291
17 2.302795408
18 2.279786585
19 2.349808923
20 2.292675731
21 2.282417889
22 2.290244725
23 2.335968705
24 2.305222607
25 2.283421396
26 2.328234285
27 2.297561419
28 2.297076924
29 2.299551254
30 2.271362845
31 2.282873174
32 2.306971815
33 2.289305819
34 2.293012327
35 2.288847220
36 2.344766215
37 2.282156931
38 2.309782500
39 2.302128717
40 2.294771885
41 2.285915522
42 2.303477441
43 2.343429640
44 2.272144770
45 2.297166310
46 2.301004792
47 2.314516861
48 2.302562476
49 2.301690094
50 2.317050185
51 2.287886042
52 2.289977512
53 2.326373282
54 2.296593195
55 2.285167088
56 2.283227369
57 2.339068106
58 2.285403374
59 2.305337193
60 2.285683367
61 2.299083297
62 2.294861156
63 2.360639644
64 2.273006356
65 2.293736591
66 2.306815625
67 2.282006672
68 2.284797105
69 2.293116153
70 2.317368719
71 2.295713131
72 2.306025021
73 2.302927356
74 2.291338102
75 2.292056087
76 2.319021437
77 2.279367514
78 2.286338030
79 2.309410758
80 2.323158620
81 2.278532436
82 2.289209176
83 2.299289306
84 2.304057395
85 2.297245223
86 2.282749069
87 2.288720785
88 2.294373281
89 2.290003077
90 2.317852014
91 2.283230985
92 2.287285657
93 2.347160622
94 2.349400831
95 2.320707446
96 2.360975759
97 2.287782406
98 2.286788993
99 2.296387254
100 2.285504222
