1 1.414340570
2 1.460504202
3 1.448603701
4 1.461360472
5 1.492817644
6 1.506281179
7 1.498254661
8 1.491939409
9 1.541096492
10 1.541254432
11 1.559136189
12 1.536653289
13 1.523316644
14 1.560522006
15 1.542776237
16 1.530004160
17 1.564101514
18 1.609069563
19 1.535960660
20 1.653900471
21 1.585095187
22 1.612375108
23 1.554825015
24 1.798870467
25 1.644637466
26 1.619490000
27 1.574516548
28 1.565297084
29 1.577640542
30 1.580024802
31 1.574640575
32 1.613441215
33 1.604547327
34 1.546292721
35 1.545838400
36 1.543752338
37 1.559149769
38 1.595881441
39 1.551864973
40 1.545060401
41 1.555652383
42 1.575038462
43 1.562379011
44 1.549026415
45 1.594464449
46 1.540697347
47 1.579918147
48 1.577295663
49 1.573897074
50 1.549144087
51 1.584836235
52 1.561321032
53 1.534631449
54 1.580125645
55 1.536556825
56 1.562788061
57 1.559458028
58 1.548442020
59 1.567661421
60 1.563710939
61 1.568240045
62 1.583610312
63 1.542468130
64 1.588283414
65 1.564232527
66 1.582095299
67 1.561714115
68 1.559860268
69 1.548275827
70 1.582798174
71 1.568075696
72 1.554901383
73 1.570053272
74 1.581485825
75 1.581943751
76 1.582196853
77 1.576932104
78 1.556317132
79 1.584743552
80 1.586140512
81 1.582574469
82 1.555451826
83 1.589132194
84 1.580922013
85 1.570613822
86 1.569561020
87 1.579142095
88 1.582647629
89 1.578622179
90 1.563542874
91 1.552053753
92 1.556705934
93 1.588012714
94 1.585207011
95 1.610046982
96 1.573629395
97 1.569451944
98 1.556362486
99 1.601885643
100 1.593289227
