1 149973,150068,149959 0.528881085
2 149343,150521,150136 0.547679831
3 150196,150238,149566 0.555919333
4 149836,149815,150349 0.583101049
5 149221,150064,150715 0.557955177
6 150001,150309,149690 0.598608041
7 150001,149979,150020 0.554873383
8 149986,150003,150011 0.573913079
9 150288,150329,149383 0.573157711
10 149719,150210,150071 0.597956308
11 149710,150398,149892 0.573610760
12 150107,150645,149248 0.595851175
13 150168,149746,150086 0.590021445
14 150347,150001,149652 0.606204528
15 149778,149824,150398 0.568520220
16 150539,150134,149327 0.622755286
17 149952,150031,150017 0.663519254
18 149837,150155,150008 0.592727677
19 150284,150124,149592 0.605920631
20 150251,149719,150030 0.613343984
21 150385,149978,149637 0.605947574
22 150212,149771,150017 0.586233512
23 150186,149934,149880 0.602648023
24 149870,150415,149715 0.605897615
25 149540,150174,150286 0.602916668
26 149651,150210,150139 0.588255879
27 149595,150190,150215 0.593449570
28 149892,150543,149565 0.602545767
29 149712,150546,149742 0.586899838
30 149814,150044,150142 0.604009210
31 150275,150074,149651 0.601383507
32 149867,149825,150308 0.602109245
33 149375,150397,150228 0.584307335
34 150082,149957,149961 0.592183143
35 150079,149977,149944 0.610778111
36 149890,150381,149729 0.581235433
37 150334,150398,149268 0.568900921
38 149785,150182,150033 0.569758176
39 149697,149956,150347 0.600039661
40 150207,150273,149520 0.595255469
41 149794,149782,150424 0.601558362
42 149549,150317,150134 0.574710803
43 150336,150095,149569 0.619482079
44 150265,149474,150261 0.606216907
45 149874,149885,150241 0.606682926
46 149905,150223,149872 0.588263059
47 150448,149562,149990 0.593912590
48 149435,150423,150142 0.609503655
49 149972,149633,150395 0.606351074
50 150071,149275,150654 0.617318502
51 149928,149715,150357 0.608379582
52 150084,149733,150183 0.614362208
53 150147,149863,149990 0.615836891
54 150234,150277,149489 0.604476829
55 150445,149471,150084 0.604855536
56 149966,149829,150205 0.583201429
57 149922,149354,150724 0.623042904
58 150006,150263,149731 0.615287475
59 149928,149771,150301 0.621961589
60 149763,150514,149723 0.602352278
61 149451,150186,150363 0.587655957
62 150323,149925,149752 0.616314608
63 149691,149843,150466 0.601264551
64 149994,149822,150184 0.589421002
65 149848,149279,150873 0.571118183
66 149981,150048,149971 0.630509444
67 149670,150334,149996 0.607136319
68 150177,150393,149430 0.613042479
69 150170,149656,150174 0.589486336
70 150491,150421,149088 0.611265121
71 150531,149865,149604 0.635510492
72 149437,150121,150442 0.597420541
73 149878,150254,149868 0.605343953
74 149631,150397,149972 0.610899937
75 149792,150158,150050 0.592222973
76 149929,149803,150268 0.607664573
77 150477,149495,150028 0.613270037
78 149814,150316,149870 0.574400924
79 150132,150100,149768 0.573310226
80 150214,149916,149870 0.596311437
81 149780,149783,150437 0.614404323
82 150059,149304,150637 0.612147772
83 150158,149563,150279 0.613106034
84 150227,150001,149772 0.612691768
85 150285,150219,149496 0.610629133
86 150352,149977,149671 0.587737512
87 150038,150080,149882 0.597807864
88 150251,149838,149911 0.604583083
89 150112,149835,150053 0.600710992
90 149974,150011,150015 0.569729632
91 150279,150160,149561 0.588289509
92 150059,149733,150208 0.615204578
93 150236,149501,150263 0.609423300
94 150130,149624,150246 0.595469593
95 150422,149319,150259 0.593119439
96 149789,150232,149979 0.620720017
97 150115,150278,149607 0.616121015
98 150123,150144,149733 0.604672789
99 150197,150179,149624 0.598940481
100 149939,149874,150187 0.609110548
