1 149955,149532,150513 0.584069629
2 149756,150117,150127 0.581442909
3 149532,150158,150310 0.583637934
4 150174,149913,149913 0.584707324
5 150336,150205,149459 0.603038943
6 149882,149923,150195 0.591269689
7 149894,150223,149883 0.582668812
8 149971,149747,150282 0.586831891
9 150250,149735,150015 0.593779914
10 150196,150060,149744 0.604184861
11 149862,149987,150151 0.605757971
12 150166,149773,150061 0.587717836
13 149971,150428,149601 0.640908694
14 150214,150100,149686 0.638743681
15 150065,150052,149883 0.603085056
16 149914,149624,150462 0.612863793
17 150077,150114,149809 0.593868039
18 150062,150133,149805 0.600280558
19 150382,150176,149442 0.635939451
20 149797,149961,150242 0.605315030
21 149712,150005,150283 0.611034085
22 150077,149443,150480 0.621454649
23 150279,149433,150288 0.598784027
24 149480,150532,149988 0.600043653
25 149595,150200,150205 0.642212260
26 149915,149858,150227 0.602496489
27 149706,150454,149840 0.591652691
28 149416,149857,150727 0.627010353
29 150518,150001,149481 0.636005559
30 149934,149883,150183 0.648575875
31 150240,149596,150164 0.618785034
32 149529,150204,150267 0.627335828
33 150070,149739,150191 0.631860071
34 149752,149888,150360 0.613145429
35 150160,149276,150564 0.611055719
36 149818,150460,149722 0.600495575
37 150196,150181,149623 0.607306545
38 149387,150720,149893 0.624503686
39 149908,150412,149680 0.630459054
40 150063,149586,150351 0.614848270
41 150524,149845,149631 0.614119158
42 150504,149652,149844 0.620549444
43 150239,150265,149496 0.653008961
44 149616,150238,150146 0.600291411
45 150040,150708,149252 0.608447573
46 149848,150074,150078 0.631884323
47 149959,150261,149780 0.654980774
48 150150,150442,149408 0.590244520
49 150273,149619,150108 0.600761558
50 149847,149774,150379 0.619280285
51 149490,149864,150646 0.657250349
52 149794,150001,150205 0.589725066
53 149917,149821,150262 0.662547240
54 149674,150265,150061 0.631612837
55 149697,149894,150409 0.655637938
56 150516,149691,149793 0.585308310
57 150345,149998,149657 0.596623708
58 150061,150047,149892 0.618594787
59 150091,150428,149481 0.608989865
60 150031,149767,150202 0.655061568
61 150701,149684,149615 0.610748261
62 149191,150095,150714 0.611956268
63 150373,149234,150393 0.618186770
64 150111,149672,150217 0.615747813
65 149899,150057,150044 0.607570648
66 150007,149905,150088 0.610560007
67 150179,150168,149653 0.663287773
68 150209,149220,150571 0.583468485
69 149894,150244,149862 0.617587341
70 149865,150294,149841 0.655114275
71 150418,149231,150351 0.604345955
72 150267,150323,149410 0.596619840
73 149959,150123,149918 0.624439447
74 149693,150258,150049 0.636461272
75 150145,149690,150165 0.602378764
76 149899,149756,150345 0.590241476
77 150421,149349,150230 0.593193687
78 149913,149746,150341 0.643043340
79 149679,149944,150377 0.610721070
80 150322,149561,150117 0.618338519
81 150539,149473,149988 0.616357864
82 149572,150247,150181 0.606721129
83 150023,149684,150293 0.606817754
84 150064,149998,149938 0.635480477
85 150108,149905,149987 0.587397704
86 150354,149491,150155 0.601482935
87 150088,149469,150443 0.633432738
88 150394,149800,149806 0.643882027
89 150481,149477,150042 0.631485424
90 150605,150070,149325 0.626359480
91 150185,150075,149740 0.639483319
92 150229,149779,149992 0.620429795
93 149730,150249,150021 0.599627516
94 149585,150066,150349 0.617701614
95 150142,150834,149024 0.620370228
96 149726,150249,150025 0.614960550
97 149978,149778,150244 0.621096658
98 149816,150207,149977 0.660155119
99 149858,149881,150261 0.593154028
100 150018,149639,150343 0.610551754
